0.000000000000000000e+00 2.538208930850496259e+01 2.334651610913924813e+01 2.141492442099600879e+01 1.677431279273788789e+01 2.822219133685903003e+01 2.712765956561679914e+01 5.057525595914074579e+00 1.316050665797475361e+01 2.052174313559768493e+01 1.866975766701146711e+01 6.374488067141046876e+00 1.618440833656327626e+01 1.615818571570741113e+01 1.535724871226993749e+01 1.093237453075207100e+01 3.024549402754407623e+01 1.397692469289055772e+01 2.843458076365207532e+01 2.937054380854468860e+01 2.620554195057452418e+01 2.700062556803370928e+00 2.297540641676884121e+01 8.357285006451707687e+00 2.517295928956583495e+01 1.789516649718529351e+01 1.895781313269216994e+01 1.506791513820866335e+01 2.409331888498567764e+01 6.418689243527502697e+00
2.538208930850496259e+01 0.000000000000000000e+00 1.618834315217220521e+01 1.428619189610394002e+01 9.852831116387218202e+00 6.505320285815165526e+00 1.129401252890133378e+01 2.168097430238676893e+01 1.472988482322549331e+01 1.296569605131501213e+01 6.764787553105224838e+00 2.597859357152845661e+01 1.581235612192981854e+01 2.095515463134793777e+01 1.195361285329846268e+01 2.792355599788989551e+01 9.507481596752128894e+00 2.790990529357035044e+01 3.378975372840569147e+00 1.277244655744390300e+01 1.145406997914854585e+01 2.394784947792106422e+01 1.548928375054164519e+01 2.530774596183691472e+01 1.007560141326755776e+01 2.200861961666543820e+01 9.707560182069705945e+00 1.874331718358506649e+01 5.709817850635961811e+00 1.961303923983625808e+01
2.334651610913924813e+01 1.618834315217220521e+01 0.000000000000000000e+00 2.659405251649685908e+01 1.084499651545088206e+01 1.252234324691691825e+01 2.659597663387472721e+01 2.278749474924854113e+01 1.088005111714524809e+01 2.497408437191245056e+01 1.382484206118230574e+01 1.982962285513992384e+01 7.180692536728519926e+00 2.927882369767145576e+01 1.989090369231814392e+01 3.152537371274117817e+01 1.210207322775098504e+01 1.708226343877185016e+01 1.648486686838143100e+01 2.847395859416058883e+01 2.641168086345887644e+01 2.077593636142475830e+01 7.389763590679672145e-01 1.796054694760700698e+01 6.802315725174857164e+00 8.832233496947576867e+00 8.345204938156722818e+00 2.681926488797564900e+01 2.059726106202494122e+01 2.101418490306059539e+01
2.141492442099600879e+01 1.428619189610394002e+01 2.659405251649685908e+01 0.000000000000000000e+00 1.597879273326411642e+01 2.067547513780257873e+01 7.013552681202233963e+00 1.637946042169572536e+01 1.876040119415397456e+01 1.621279765634522141e+00 1.280418018790367007e+01 2.541227664188251012e+01 2.230564677849814004e+01 8.611188188021849044e+00 7.737410005283953396e+00 1.805361716647504267e+01 2.369622029666830443e+01 3.077669355430544229e+01 1.728269831899592290e+01 8.792017491635213844e+00 5.974489966908472560e+00 2.156243179589752756e+01 2.586401815162598083e+01 2.598877624815710874e+01 2.255181162478428902e+01 2.846062313090611084e+01 1.825153029151062967e+01 7.527741751703033835e+00 8.820044248739913328e+00 1.518283364300228477e+01
1.677431279273788789e+01 9.852831116387218202e+00 1.084499651545088206e+01 1.597879273326411642e+01 0.000000000000000000e+00 1.145179327556087223e+01 1.729412462671577799e+01 1.425121661861179412e+01 4.877081183856475377e+00 1.436177897344709287e+01 3.920672980747059277e+00 1.631732622931801657e+01 6.780581189515891616e+00 1.859020351226192602e+01 9.046891421510382614e+00 2.226565957906132098e+01 1.354582328338415032e+01 1.816378687471026510e+01 1.229597081415784032e+01 1.945401636056686456e+01 1.685956947801435746e+01 1.487615216881654234e+01 1.014440252620173055e+01 1.549726904410677797e+01 9.081525005859466759e+00 1.323908433040680599e+01 2.823685055972746216e+00 1.611244159890286909e+01 1.170352826551773084e+01 1.217693780297641482e+01
2.822219133685903003e+01 6.505320285815165526e+00 1.252234324691691825e+01 2.067547513780257873e+01 1.145179327556087223e+01 0.000000000000000000e+00 1.764164106499219287e+01 2.538191916313520835e+01 1.572288456723128647e+01 1.928022034517503513e+01 1.040987773389005966e+01 2.735153638627656747e+01 1.505986401746257108e+01 2.673372674000567528e+01 1.713251309892732266e+01 3.267107058617202853e+01 3.021303664619880980e+00 2.748052753322039976e+01 4.678291836623098554e+00 1.889110045990161879e+01 1.788756174991077685e+01 2.630305700817174852e+01 1.196782369758377840e+01 2.618139975054965873e+01 5.726209361888790816e+00 2.023064055535516559e+01 9.633233240278341825e+00 2.438798905671423967e+01 1.221513786208311991e+01 2.327099769050772338e+01
2.712765956561679914e+01 1.129401252890133378e+01 2.659597663387472721e+01 7.013552681202233963e+00 1.729412462671577799e+01 1.764164106499219287e+01 0.000000000000000000e+00 2.226360809170352439e+01 2.134023533261242633e+01 7.050302154196391946e+00 1.341857961276523703e+01 3.017385138949146395e+01 2.407368562115802391e+01 1.562245268355587058e+01 1.193636620751794553e+01 2.499170846387398370e+01 2.053799671991569298e+01 3.444198669278328140e+01 1.333392855061046234e+01 2.310355004953524638e+00 1.041618609219737701e+00 2.678381477326705351e+01 2.586167195944065611e+01 3.032719289482960789e+01 2.115584520579152183e+01 3.052692339231031937e+01 1.873654965071831668e+01 1.443362166629220233e+01 6.006130585741882300e+00 2.071375642753030633e+01
5.057525595914074579e+00 2.168097430238676893e+01 2.278749474924854113e+01 1.637946042169572536e+01 1.425121661861179412e+01 2.538191916313520835e+01 2.226360809170352439e+01 0.000000000000000000e+00 1.193044733987656336e+01 1.553568935590271316e+01 1.522802291943987107e+01 1.025410360730269232e+01 1.573761825648704793e+01 1.139792300183123608e+01 1.074202214600526695e+01 8.839357938297485617e+00 2.772578232114348395e+01 1.732094495398851208e+01 2.490748411350913827e+01 2.447484107627767003e+01 2.131600738063205469e+01 5.905369867632471070e+00 2.228580367853245647e+01 1.167503915820350358e+01 2.322356279271647850e+01 1.918096483522202433e+01 1.683436448643135108e+01 1.008900291953704986e+01 1.967297418581701507e+01 2.112221310262216267e+00
1.316050665797475361e+01 1.472988482322549331e+01 1.088005111714524809e+01 1.876040119415397456e+01 4.877081183856475377e+00 1.572288456723128647e+01 2.134023533261242633e+01 1.193044733987656336e+01 0.000000000000000000e+00 1.721855735529895171e+01 8.490462705406091715e+00 1.164748147379131282e+01 4.119819746054751874e+00 1.924570828192973337e+01 1.109570665415949975e+01 2.064538775775809043e+01 1.737211735949892955e+01 1.340240291006175255e+01 1.709735480978075728e+01 2.358873819673734928e+01 2.077010191970295239e+01 1.088624487029738930e+01 1.035989865038102664e+01 1.066669034277230743e+01 1.205045489876298426e+01 9.716829089997839120e+00 6.101080767299725593e+00 1.689418110161899733e+01 1.613211971954432400e+01 1.013446423585827638e+01
2.052174313559768493e+01 1.296569605131501213e+01 2.497408437191245056e+01 1.621279765634522141e+00 1.436177897344709287e+01 1.928022034517503513e+01 7.050302154196391946e+00 1.553568935590271316e+01 1.721855735529895171e+01 0.000000000000000000e+00 1.119078938951151336e+01 2.424214678429584424e+01 2.071851473329185112e+01 8.962630981249276374e+00 6.280646625613346856e+00 1.799684375331264619e+01 2.229651369710457232e+01 2.940525616405901133e+01 1.605956408804471991e+01 9.090372179851506473e+00 6.025532059112733485e+00 2.050303000587080859e+01 2.424436348717399170e+01 2.472569108579875419e+01 2.099044468751064940e+01 2.690438128654290395e+01 1.663101830641764423e+01 7.458611150026146497e+00 7.691271386462214643e+00 1.419182549793000803e+01
1.866975766701146711e+01 6.764787553105224838e+00 1.382484206118230574e+01 1.280418018790367007e+01 3.920672980747059277e+00 1.040987773389005966e+01 1.341857961276523703e+01 1.522802291943987107e+01 8.490462705406091715e+00 1.119078938951151336e+01 0.000000000000000000e+00 1.930436934878938615e+01 1.068535164405105320e+01 1.691584604357458588e+01 7.054138840539929234e+00 2.226124444795415513e+01 1.308338917885929042e+01 2.189205506968146864e+01 9.771199169504491522e+00 1.555273008276552638e+01 1.302962824091339300e+01 1.718398048164215908e+01 1.309010192612447732e+01 1.877313944898056164e+01 1.016861783359470550e+01 1.714676782247675035e+01 5.531441748371700662e+00 1.446896976901192744e+01 7.784132692775142637e+00 1.312427656378512708e+01
6.374488067141046876e+00 2.597859357152845661e+01 1.982962285513992384e+01 2.541227664188251012e+01 1.631732622931801657e+01 2.735153638627656747e+01 3.017385138949146395e+01 1.025410360730269232e+01 1.164748147379131282e+01 2.424214678429584424e+01 1.930436934878938615e+01 0.000000000000000000e+00 1.316677583107422400e+01 2.162204294580247321e+01 1.828692690617967642e+01 1.730685336793641937e+01 2.883803171435831558e+01 7.619927897297782415e+00 2.860837919632322013e+01 3.248081206927231790e+01 2.936502496821402630e+01 4.362781456997292473e+00 1.962954945773702065e+01 2.241998320912315990e+00 2.323603209293785454e+01 1.278900690283380470e+01 1.771832204195707661e+01 2.011123524937197615e+01 2.608626884977168814e+01 1.053358453662765370e+01
1.618440833656327626e+01 1.581235612192981854e+01 7.180692536728519926e+00 2.230564677849814004e+01 6.780581189515891616e+00 1.505986401746257108e+01 2.407368562115802391e+01 1.573761825648704793e+01 4.119819746054751874e+00 2.071851473329185112e+01 1.068535164405105320e+01 1.316677583107422400e+01 0.000000000000000000e+00 2.333616728459178091e+01 1.482125565808177825e+01 2.454485928393647143e+01 1.603163883798363898e+01 1.245541448189670497e+01 1.750996743941609779e+01 2.623311930572379325e+01 2.362621959254972381e+01 1.364716165115348190e+01 6.791027207599443116e+00 1.157429602319152195e+01 1.024888220390903726e+01 6.461416724957653734e+00 6.115727755671136023e+00 2.096308751390755631e+01 1.844559060179082266e+01 1.407313305562123595e+01
1.615818571570741113e+01 2.095515463134793777e+01 2.927882369767145576e+01 8.611188188021849044e+00 1.859020351226192602e+01 2.673372674000567528e+01 1.562245268355587058e+01 1.139792300183123608e+01 1.924570828192973337e+01 8.962630981249276374e+00 1.691584604357458588e+01 2.162204294580247321e+01 2.333616728459178091e+01 0.000000000000000000e+00 9.867818846356557927e+00 9.788739037222356387e+00 2.964790090825324853e+01 2.836844790457689669e+01 2.426622797626262695e+01 1.729564542395306148e+01 1.458473354307156100e+01 1.729618515222489705e+01 2.861450834403988353e+01 2.287215277456664353e+01 2.702756701191489697e+01 2.848749585399089668e+01 2.136234204426477490e+01 2.480920020907716239e+00 1.634142660008092562e+01 1.130574967711872958e+01
1.535724871226993749e+01 1.195361285329846268e+01 1.989090369231814392e+01 7.737410005283953396e+00 9.046891421510382614e+00 1.713251309892732266e+01 1.193636620751794553e+01 1.074202214600526695e+01 1.109570665415949975e+01 6.280646625613346856e+00 7.054138840539929234e+00 1.828692690617967642e+01 1.482125565808177825e+01 9.867818846356557927e+00 0.000000000000000000e+00 1.597873445962344086e+01 1.996186480081778569e+01 2.314358817321267736e+01 1.533049704595486951e+01 1.423110531932775658e+01 1.109223160412298803e+01 1.485462072272467360e+01 1.919127978710746518e+01 1.859562616768782561e+01 1.716563218956570580e+01 2.081253116419474125e+01 1.170019312625990437e+01 7.415047409131181766e+00 8.970107652671220677e+00 8.960738567284444400e+00
1.093237453075207100e+01 2.792355599788989551e+01 3.152537371274117817e+01 1.805361716647504267e+01 2.226565957906132098e+01 3.267107058617202853e+01 2.499170846387398370e+01 8.839357938297485617e+00 2.064538775775809043e+01 1.799684375331264619e+01 2.226124444795415513e+01 1.730685336793641937e+01 2.454485928393647143e+01 9.788739037222356387e+00 1.597873445962344086e+01 0.000000000000000000e+00 3.528839576997297911e+01 2.489939944440098074e+01 3.129538801321150743e+01 2.684495715597257259e+01 2.395204355931723228e+01 1.327728222348875775e+01 3.099533237223759130e+01 1.923945240117056699e+01 3.134677994433341297e+01 2.788775948367920066e+01 2.501476588227252762e+01 1.055812762193047583e+01 2.443512658613237676e+01 1.051140375217243239e+01
3.024549402754407623e+01 9.507481596752128894e+00 1.210207322775098504e+01 2.369622029666830443e+01 1.354582328338415032e+01 3.021303664619880980e+00 2.053799671991569298e+01 2.772578232114348395e+01 1.737211735949892955e+01 2.229651369710457232e+01 1.308338917885929042e+01 2.883803171435831558e+01 1.603163883798363898e+01 2.964790090825324853e+01 1.996186480081778569e+01 3.528839576997297911e+01 0.000000000000000000e+00 2.820217705920614648e+01 7.307008458911681714e+00 2.168640196677606014e+01 2.082507848315306731e+01 2.817749438939716100e+01 1.168524350689638069e+01 2.748703608540192889e+01 5.844749536142396451e+00 2.048901707032760200e+01 1.132312065600174655e+01 2.727815276226023045e+01 1.521390805515321709e+01 2.562626404734742280e+01
1.397692469289055772e+01 2.790990529357035044e+01 1.708226343877185016e+01 3.077669355430544229e+01 1.816378687471026510e+01 2.748052753322039976e+01 3.444198669278328140e+01 1.732094495398851208e+01 1.340240291006175255e+01 2.940525616405901133e+01 2.189205506968146864e+01 7.619927897297782415e+00 1.245541448189670497e+01 2.836844790457689669e+01 2.314358817321267736e+01 2.489939944440098074e+01 2.820217705920614648e+01 0.000000000000000000e+00 2.988883955037798046e+01 3.673118996327820440e+01 3.377716405887976947e+01 1.171112392949167891e+01 1.716920035320520554e+01 5.700990735004404009e+00 2.235768161895002137e+01 8.359454315516057221e+00 1.841746242643718290e+01 2.656516800280508761e+01 2.949096844221849878e+01 1.706314773605188506e+01
2.843458076365207532e+01 3.378975372840569147e+00 1.648486686838143100e+01 1.728269831899592290e+01 1.229597081415784032e+01 4.678291836623098554e+00 1.333392855061046234e+01 2.490748411350913827e+01 1.709735480978075728e+01 1.605956408804471991e+01 9.771199169504491522e+00 2.860837919632322013e+01 1.750996743941609779e+01 2.426622797626262695e+01 1.533049704595486951e+01 3.129538801321150743e+01 7.307008458911681714e+00 2.988883955037798046e+01 0.000000000000000000e+00 1.438823445006544155e+01 1.370577862271410829e+01 2.686466060961655344e+01 1.585133053156482674e+01 2.776304552886121257e+01 9.802484592859615375e+00 2.334770153378227064e+01 1.147202454427375784e+01 2.208587887123445981e+01 8.483138601732960637e+00 2.282177921519738106e+01
2.937054380854468860e+01 1.277244655744390300e+01 2.847395859416058883e+01 8.792017491635213844e+00 1.945401636056686456e+01 1.889110045990161879e+01 2.310355004953524638e+00 2.447484107627767003e+01 2.358873819673734928e+01 9.090372179851506473e+00 1.555273008276552638e+01 3.248081206927231790e+01 2.623311930572379325e+01 1.729564542395306148e+01 1.423110531932775658e+01 2.684495715597257259e+01 2.168640196677606014e+01 3.673118996327820440e+01 1.438823445006544155e+01 0.000000000000000000e+00 3.165263687086193656e+00 2.906935005155783713e+01 2.774465128758151877e+01 3.263721130218902289e+01 2.279625708165631437e+01 3.269304468259835517e+01 2.077237051793814615e+01 1.631348840394654687e+01 7.925217410994472189e+00 2.296355138224808101e+01
2.620554195057452418e+01 1.145406997914854585e+01 2.641168086345887644e+01 5.974489966908472560e+00 1.685956947801435746e+01 1.788756174991077685e+01 1.041618609219737701e+00 2.131600738063205469e+01 2.077010191970295239e+01 6.025532059112733485e+00 1.302962824091339300e+01 2.936502496821402630e+01 2.362621959254972381e+01 1.458473354307156100e+01 1.109223160412298803e+01 2.395204355931723228e+01 2.082507848315306731e+01 3.377716405887976947e+01 1.370577862271410829e+01 3.165263687086193656e+00 0.000000000000000000e+00 2.591536274557645569e+01 2.567468780673654294e+01 2.956972646373215241e+01 2.115565330069094330e+01 3.006420985719324435e+01 1.843246654837228604e+01 1.339412622237774642e+01 5.936845116318593796e+00 1.979830172623129414e+01
2.700062556803370928e+00 2.394784947792106422e+01 2.077593636142475830e+01 2.156243179589752756e+01 1.487615216881654234e+01 2.630305700817174852e+01 2.678381477326705351e+01 5.905369867632471070e+00 1.088624487029738930e+01 2.050303000587080859e+01 1.718398048164215908e+01 4.362781456997292473e+00 1.364716165115348190e+01 1.729618515222489705e+01 1.485462072272467360e+01 1.327728222348875775e+01 2.817749438939716100e+01 1.171112392949167891e+01 2.686466060961655344e+01 2.906935005155783713e+01 2.591536274557645569e+01 0.000000000000000000e+00 2.043038926777225939e+01 6.011478166393368738e+00 2.293630627195974725e+01 1.519890505301076544e+01 1.685446732481767285e+01 1.587126784190313167e+01 2.322670101907314688e+01 6.421154690793018815e+00
2.297540641676884121e+01 1.548928375054164519e+01 7.389763590679672145e-01 2.586401815162598083e+01 1.014440252620173055e+01 1.196782369758377840e+01 2.586167195944065611e+01 2.228580367853245647e+01 1.035989865038102664e+01 2.424436348717399170e+01 1.309010192612447732e+01 1.962954945773702065e+01 6.791027207599443116e+00 2.861450834403988353e+01 1.919127978710746518e+01 3.099533237223759130e+01 1.168524350689638069e+01 1.716920035320520554e+01 1.585133053156482674e+01 2.774465128758151877e+01 2.567468780673654294e+01 2.043038926777225939e+01 0.000000000000000000e+00 1.780914053695012811e+01 6.241790331822006266e+00 9.012658604060442613e+00 7.618539826715511332e+00 2.615135967708532405e+01 1.986413868568034147e+01 2.048493537154796584e+01
8.357285006451707687e+00 2.530774596183691472e+01 1.796054694760700698e+01 2.598877624815710874e+01 1.549726904410677797e+01 2.618139975054965873e+01 3.032719289482960789e+01 1.167503915820350358e+01 1.066669034277230743e+01 2.472569108579875419e+01 1.877313944898056164e+01 2.241998320912315990e+00 1.157429602319152195e+01 2.287215277456664353e+01 1.859562616768782561e+01 1.923945240117056699e+01 2.748703608540192889e+01 5.700990735004404009e+00 2.776304552886121257e+01 3.263721130218902289e+01 2.956972646373215241e+01 6.011478166393368738e+00 1.780914053695012811e+01 0.000000000000000000e+00 2.178279226373445354e+01 1.061036045209300838e+01 1.658879146042105646e+01 2.119170523988913857e+01 2.590112205595161399e+01 1.159719768010677576e+01
2.517295928956583495e+01 1.007560141326755776e+01 6.802315725174857164e+00 2.255181162478428902e+01 9.081525005859466759e+00 5.726209361888790816e+00 2.115584520579152183e+01 2.322356279271647850e+01 1.205045489876298426e+01 2.099044468751064940e+01 1.016861783359470550e+01 2.323603209293785454e+01 1.024888220390903726e+01 2.702756701191489697e+01 1.716563218956570580e+01 3.134677994433341297e+01 5.844749536142396451e+00 2.235768161895002137e+01 9.802484592859615375e+00 2.279625708165631437e+01 2.115565330069094330e+01 2.293630627195974725e+01 6.241790331822006266e+00 2.178279226373445354e+01 0.000000000000000000e+00 1.472689857187630125e+01 6.389583449985197561e+00 2.456112872408809267e+01 1.521886210884950685e+01 2.118488343781045913e+01
1.789516649718529351e+01 2.200861961666543820e+01 8.832233496947576867e+00 2.846062313090611084e+01 1.323908433040680599e+01 2.023064055535516559e+01 3.052692339231031937e+01 1.918096483522202433e+01 9.716829089997839120e+00 2.690438128654290395e+01 1.714676782247675035e+01 1.278900690283380470e+01 6.461416724957653734e+00 2.848749585399089668e+01 2.081253116419474125e+01 2.788775948367920066e+01 2.048901707032760200e+01 8.359454315516057221e+00 2.334770153378227064e+01 3.269304468259835517e+01 3.006420985719324435e+01 1.519890505301076544e+01 9.012658604060442613e+00 1.061036045209300838e+01 1.472689857187630125e+01 0.000000000000000000e+00 1.234201171516159334e+01 2.625441333269558442e+01 2.490260586205474524e+01 1.801018402780418626e+01
1.895781313269216994e+01 9.707560182069705945e+00 8.345204938156722818e+00 1.825153029151062967e+01 2.823685055972746216e+00 9.633233240278341825e+00 1.873654965071831668e+01 1.683436448643135108e+01 6.101080767299725593e+00 1.663101830641764423e+01 5.531441748371700662e+00 1.771832204195707661e+01 6.115727755671136023e+00 2.136234204426477490e+01 1.170019312625990437e+01 2.501476588227252762e+01 1.132312065600174655e+01 1.841746242643718290e+01 1.147202454427375784e+01 2.077237051793814615e+01 1.843246654837228604e+01 1.685446732481767285e+01 7.618539826715511332e+00 1.658879146042105646e+01 6.389583449985197561e+00 1.234201171516159334e+01 0.000000000000000000e+00 1.888198478847357720e+01 1.285647163860910602e+01 1.479640773701476597e+01
1.506791513820866335e+01 1.874331718358506649e+01 2.681926488797564900e+01 7.527741751703033835e+00 1.611244159890286909e+01 2.438798905671423967e+01 1.443362166629220233e+01 1.008900291953704986e+01 1.689418110161899733e+01 7.458611150026146497e+00 1.446896976901192744e+01 2.011123524937197615e+01 2.096308751390755631e+01 2.480920020907716239e+00 7.415047409131181766e+00 1.055812762193047583e+01 2.727815276226023045e+01 2.656516800280508761e+01 2.208587887123445981e+01 1.631348840394654687e+01 1.339412622237774642e+01 1.587126784190313167e+01 2.615135967708532405e+01 2.119170523988913857e+01 2.456112872408809267e+01 2.625441333269558442e+01 1.888198478847357720e+01 0.000000000000000000e+00 1.440205683165601691e+01 9.607382251493008951e+00
2.409331888498567764e+01 5.709817850635961811e+00 2.059726106202494122e+01 8.820044248739913328e+00 1.170352826551773084e+01 1.221513786208311991e+01 6.006130585741882300e+00 1.967297418581701507e+01 1.613211971954432400e+01 7.691271386462214643e+00 7.784132692775142637e+00 2.608626884977168814e+01 1.844559060179082266e+01 1.634142660008092562e+01 8.970107652671220677e+00 2.443512658613237676e+01 1.521390805515321709e+01 2.949096844221849878e+01 8.483138601732960637e+00 7.925217410994472189e+00 5.936845116318593796e+00 2.322670101907314688e+01 1.986413868568034147e+01 2.590112205595161399e+01 1.521886210884950685e+01 2.490260586205474524e+01 1.285647163860910602e+01 1.440205683165601691e+01 0.000000000000000000e+00 1.779935717272692841e+01
6.418689243527502697e+00 1.961303923983625808e+01 2.101418490306059539e+01 1.518283364300228477e+01 1.217693780297641482e+01 2.327099769050772338e+01 2.071375642753030633e+01 2.112221310262216267e+00 1.013446423585827638e+01 1.419182549793000803e+01 1.312427656378512708e+01 1.053358453662765370e+01 1.407313305562123595e+01 1.130574967711872958e+01 8.960738567284444400e+00 1.051140375217243239e+01 2.562626404734742280e+01 1.706314773605188506e+01 2.282177921519738106e+01 2.296355138224808101e+01 1.979830172623129414e+01 6.421154690793018815e+00 2.048493537154796584e+01 1.159719768010677576e+01 2.118488343781045913e+01 1.801018402780418626e+01 1.479640773701476597e+01 9.607382251493008951e+00 1.779935717272692841e+01 0.000000000000000000e+00
