0.000000000000000000e+00 1.800000000000000000e+02 3.390000000000000000e+02 3.030000000000000000e+02 3.320000000000000000e+02 6.700000000000000000e+01 8.300000000000000000e+01 3.740000000000000000e+02 6.100000000000000000e+01 3.820000000000000000e+02 1.720000000000000000e+02 3.580000000000000000e+02 2.850000000000000000e+02 1.020000000000000000e+02 2.400000000000000000e+01 8.000000000000000000e+00 3.840000000000000000e+02 2.460000000000000000e+02 3.300000000000000000e+02 1.400000000000000000e+01
1.800000000000000000e+02 0.000000000000000000e+00 2.160000000000000000e+02 1.880000000000000000e+02 2.760000000000000000e+02 1.520000000000000000e+02 9.900000000000000000e+01 3.020000000000000000e+02 1.990000000000000000e+02 3.720000000000000000e+02 1.330000000000000000e+02 3.440000000000000000e+02 3.120000000000000000e+02 1.240000000000000000e+02 1.920000000000000000e+02 1.860000000000000000e+02 2.200000000000000000e+02 2.550000000000000000e+02 2.290000000000000000e+02 1.790000000000000000e+02
3.390000000000000000e+02 2.160000000000000000e+02 0.000000000000000000e+00 1.710000000000000000e+02 6.600000000000000000e+01 2.890000000000000000e+02 2.560000000000000000e+02 2.070000000000000000e+02 3.060000000000000000e+02 1.780000000000000000e+02 2.470000000000000000e+02 2.660000000000000000e+02 2.980000000000000000e+02 3.230000000000000000e+02 3.210000000000000000e+02 3.380000000000000000e+02 1.880000000000000000e+02 2.600000000000000000e+02 1.790000000000000000e+02 3.500000000000000000e+02
3.030000000000000000e+02 1.880000000000000000e+02 1.710000000000000000e+02 0.000000000000000000e+00 1.340000000000000000e+02 3.270000000000000000e+02 2.810000000000000000e+02 2.550000000000000000e+02 2.860000000000000000e+02 2.660000000000000000e+02 1.390000000000000000e+02 2.180000000000000000e+02 1.980000000000000000e+02 3.030000000000000000e+02 2.990000000000000000e+02 3.010000000000000000e+02 2.870000000000000000e+02 1.870000000000000000e+02 1.600000000000000000e+02 3.050000000000000000e+02
3.320000000000000000e+02 2.760000000000000000e+02 6.600000000000000000e+01 1.340000000000000000e+02 0.000000000000000000e+00 3.160000000000000000e+02 3.130000000000000000e+02 1.810000000000000000e+02 2.870000000000000000e+02 1.800000000000000000e+02 2.420000000000000000e+02 2.590000000000000000e+02 3.290000000000000000e+02 2.620000000000000000e+02 3.090000000000000000e+02 3.400000000000000000e+02 2.450000000000000000e+02 2.910000000000000000e+02 1.660000000000000000e+02 3.340000000000000000e+02
6.700000000000000000e+01 1.520000000000000000e+02 2.890000000000000000e+02 3.270000000000000000e+02 3.160000000000000000e+02 0.000000000000000000e+00 6.200000000000000000e+01 3.970000000000000000e+02 4.800000000000000000e+01 3.750000000000000000e+02 2.060000000000000000e+02 3.200000000000000000e+02 2.300000000000000000e+02 6.800000000000000000e+01 8.500000000000000000e+01 6.500000000000000000e+01 3.700000000000000000e+02 2.910000000000000000e+02 3.290000000000000000e+02 6.400000000000000000e+01
8.300000000000000000e+01 9.900000000000000000e+01 2.560000000000000000e+02 2.810000000000000000e+02 3.130000000000000000e+02 6.200000000000000000e+01 0.000000000000000000e+00 3.510000000000000000e+02 1.100000000000000000e+02 3.710000000000000000e+02 1.520000000000000000e+02 3.430000000000000000e+02 2.610000000000000000e+02 1.010000000000000000e+02 1.040000000000000000e+02 8.900000000000000000e+01 3.190000000000000000e+02 2.410000000000000000e+02 2.830000000000000000e+02 9.700000000000000000e+01
3.740000000000000000e+02 3.020000000000000000e+02 2.070000000000000000e+02 2.550000000000000000e+02 1.810000000000000000e+02 3.970000000000000000e+02 3.510000000000000000e+02 0.000000000000000000e+00 3.990000000000000000e+02 3.050000000000000000e+02 2.580000000000000000e+02 2.330000000000000000e+02 2.180000000000000000e+02 3.840000000000000000e+02 3.720000000000000000e+02 3.730000000000000000e+02 3.460000000000000000e+02 2.180000000000000000e+02 3.070000000000000000e+02 3.800000000000000000e+02
6.100000000000000000e+01 1.990000000000000000e+02 3.060000000000000000e+02 2.860000000000000000e+02 2.870000000000000000e+02 4.800000000000000000e+01 1.100000000000000000e+02 3.990000000000000000e+02 0.000000000000000000e+00 3.760000000000000000e+02 1.790000000000000000e+02 3.230000000000000000e+02 2.740000000000000000e+02 8.000000000000000000e+01 4.900000000000000000e+01 5.900000000000000000e+01 3.250000000000000000e+02 2.590000000000000000e+02 2.950000000000000000e+02 7.000000000000000000e+01
3.820000000000000000e+02 3.720000000000000000e+02 1.780000000000000000e+02 2.660000000000000000e+02 1.800000000000000000e+02 3.750000000000000000e+02 3.710000000000000000e+02 3.050000000000000000e+02 3.760000000000000000e+02 0.000000000000000000e+00 3.040000000000000000e+02 2.510000000000000000e+02 2.750000000000000000e+02 3.750000000000000000e+02 3.780000000000000000e+02 3.860000000000000000e+02 1.630000000000000000e+02 2.910000000000000000e+02 2.600000000000000000e+02 3.900000000000000000e+02
1.720000000000000000e+02 1.330000000000000000e+02 2.470000000000000000e+02 1.390000000000000000e+02 2.420000000000000000e+02 2.060000000000000000e+02 1.520000000000000000e+02 2.580000000000000000e+02 1.790000000000000000e+02 3.040000000000000000e+02 0.000000000000000000e+00 2.870000000000000000e+02 1.910000000000000000e+02 2.110000000000000000e+02 1.760000000000000000e+02 1.720000000000000000e+02 3.010000000000000000e+02 1.770000000000000000e+02 2.030000000000000000e+02 1.700000000000000000e+02
3.580000000000000000e+02 3.440000000000000000e+02 2.660000000000000000e+02 2.180000000000000000e+02 2.590000000000000000e+02 3.200000000000000000e+02 3.430000000000000000e+02 2.330000000000000000e+02 3.230000000000000000e+02 2.510000000000000000e+02 2.870000000000000000e+02 0.000000000000000000e+00 3.200000000000000000e+02 2.630000000000000000e+02 3.680000000000000000e+02 3.640000000000000000e+02 2.420000000000000000e+02 2.120000000000000000e+02 1.350000000000000000e+02 3.460000000000000000e+02
2.850000000000000000e+02 3.120000000000000000e+02 2.980000000000000000e+02 1.980000000000000000e+02 3.290000000000000000e+02 2.300000000000000000e+02 2.610000000000000000e+02 2.180000000000000000e+02 2.740000000000000000e+02 2.750000000000000000e+02 1.910000000000000000e+02 3.200000000000000000e+02 0.000000000000000000e+00 2.080000000000000000e+02 2.710000000000000000e+02 2.790000000000000000e+02 2.300000000000000000e+02 1.650000000000000000e+02 3.380000000000000000e+02 2.740000000000000000e+02
1.020000000000000000e+02 1.240000000000000000e+02 3.230000000000000000e+02 3.030000000000000000e+02 2.620000000000000000e+02 6.800000000000000000e+01 1.010000000000000000e+02 3.840000000000000000e+02 8.000000000000000000e+01 3.750000000000000000e+02 2.110000000000000000e+02 2.630000000000000000e+02 2.080000000000000000e+02 0.000000000000000000e+00 1.260000000000000000e+02 1.100000000000000000e+02 3.270000000000000000e+02 2.570000000000000000e+02 2.830000000000000000e+02 8.900000000000000000e+01
2.400000000000000000e+01 1.920000000000000000e+02 3.210000000000000000e+02 2.990000000000000000e+02 3.090000000000000000e+02 8.500000000000000000e+01 1.040000000000000000e+02 3.720000000000000000e+02 4.900000000000000000e+01 3.780000000000000000e+02 1.760000000000000000e+02 3.680000000000000000e+02 2.710000000000000000e+02 1.260000000000000000e+02 0.000000000000000000e+00 3.100000000000000000e+01 3.630000000000000000e+02 2.600000000000000000e+02 3.370000000000000000e+02 3.700000000000000000e+01
8.000000000000000000e+00 1.860000000000000000e+02 3.380000000000000000e+02 3.010000000000000000e+02 3.400000000000000000e+02 6.500000000000000000e+01 8.900000000000000000e+01 3.730000000000000000e+02 5.900000000000000000e+01 3.860000000000000000e+02 1.720000000000000000e+02 3.640000000000000000e+02 2.790000000000000000e+02 1.100000000000000000e+02 3.100000000000000000e+01 0.000000000000000000e+00 3.840000000000000000e+02 2.490000000000000000e+02 3.260000000000000000e+02 2.200000000000000000e+01
3.840000000000000000e+02 2.200000000000000000e+02 1.880000000000000000e+02 2.870000000000000000e+02 2.450000000000000000e+02 3.700000000000000000e+02 3.190000000000000000e+02 3.460000000000000000e+02 3.250000000000000000e+02 1.630000000000000000e+02 3.010000000000000000e+02 2.420000000000000000e+02 2.300000000000000000e+02 3.270000000000000000e+02 3.630000000000000000e+02 3.840000000000000000e+02 0.000000000000000000e+00 3.670000000000000000e+02 2.910000000000000000e+02 3.920000000000000000e+02
2.460000000000000000e+02 2.550000000000000000e+02 2.600000000000000000e+02 1.870000000000000000e+02 2.910000000000000000e+02 2.910000000000000000e+02 2.410000000000000000e+02 2.180000000000000000e+02 2.590000000000000000e+02 2.910000000000000000e+02 1.770000000000000000e+02 2.120000000000000000e+02 1.650000000000000000e+02 2.570000000000000000e+02 2.600000000000000000e+02 2.490000000000000000e+02 3.670000000000000000e+02 0.000000000000000000e+00 3.040000000000000000e+02 2.600000000000000000e+02
3.300000000000000000e+02 2.290000000000000000e+02 1.790000000000000000e+02 1.600000000000000000e+02 1.660000000000000000e+02 3.290000000000000000e+02 2.830000000000000000e+02 3.070000000000000000e+02 2.950000000000000000e+02 2.600000000000000000e+02 2.030000000000000000e+02 1.350000000000000000e+02 3.380000000000000000e+02 2.830000000000000000e+02 3.370000000000000000e+02 3.260000000000000000e+02 2.910000000000000000e+02 3.040000000000000000e+02 0.000000000000000000e+00 3.220000000000000000e+02
1.400000000000000000e+01 1.790000000000000000e+02 3.500000000000000000e+02 3.050000000000000000e+02 3.340000000000000000e+02 6.400000000000000000e+01 9.700000000000000000e+01 3.800000000000000000e+02 7.000000000000000000e+01 3.900000000000000000e+02 1.700000000000000000e+02 3.460000000000000000e+02 2.740000000000000000e+02 8.900000000000000000e+01 3.700000000000000000e+01 2.200000000000000000e+01 3.920000000000000000e+02 2.600000000000000000e+02 3.220000000000000000e+02 0.000000000000000000e+00
