0.000000000000000000e+00 1.464000000000000000e+03 1.261000000000000000e+03 3.570000000000000000e+02 2.490000000000000000e+02 9.950000000000000000e+02 9.840000000000000000e+02 4.290000000000000000e+02 4.140000000000000000e+02 1.080000000000000000e+02 9.000000000000000000e+01 5.220000000000000000e+02 1.221000000000000000e+03 1.011000000000000000e+03 7.600000000000000000e+01 6.680000000000000000e+02 1.477000000000000000e+03 3.190000000000000000e+02 1.298000000000000000e+03 8.760000000000000000e+02 9.980000000000000000e+02 1.377000000000000000e+03 1.406000000000000000e+03 1.510000000000000000e+02 1.293000000000000000e+03 1.419000000000000000e+03 8.690000000000000000e+02 1.108000000000000000e+03 2.530000000000000000e+02 4.500000000000000000e+01 4.530000000000000000e+02 1.447000000000000000e+03 1.333000000000000000e+03 2.420000000000000000e+02 1.150000000000000000e+03 8.170000000000000000e+02 1.900000000000000000e+01 1.228000000000000000e+03 5.610000000000000000e+02 1.212000000000000000e+03
1.464000000000000000e+03 0.000000000000000000e+00 1.392000000000000000e+03 1.108000000000000000e+03 1.373000000000000000e+03 1.502000000000000000e+03 1.278000000000000000e+03 1.138000000000000000e+03 1.563000000000000000e+03 1.535000000000000000e+03 1.468000000000000000e+03 1.239000000000000000e+03 1.426000000000000000e+03 6.170000000000000000e+02 1.391000000000000000e+03 9.100000000000000000e+02 3.470000000000000000e+02 1.388000000000000000e+03 1.182000000000000000e+03 8.780000000000000000e+02 1.343000000000000000e+03 1.437000000000000000e+03 1.522000000000000000e+03 1.595000000000000000e+03 5.910000000000000000e+02 8.940000000000000000e+02 7.710000000000000000e+02 3.720000000000000000e+02 1.368000000000000000e+03 1.438000000000000000e+03 1.557000000000000000e+03 2.720000000000000000e+02 7.510000000000000000e+02 1.441000000000000000e+03 1.362000000000000000e+03 1.062000000000000000e+03 1.477000000000000000e+03 8.340000000000000000e+02 1.028000000000000000e+03 1.212000000000000000e+03
1.261000000000000000e+03 1.392000000000000000e+03 0.000000000000000000e+00 1.528000000000000000e+03 1.147000000000000000e+03 5.850000000000000000e+02 1.414000000000000000e+03 1.519000000000000000e+03 1.470000000000000000e+03 1.168000000000000000e+03 1.336000000000000000e+03 1.286000000000000000e+03 1.520000000000000000e+02 1.328000000000000000e+03 1.254000000000000000e+03 7.340000000000000000e+02 1.209000000000000000e+03 1.488000000000000000e+03 3.160000000000000000e+02 1.185000000000000000e+03 1.105000000000000000e+03 5.050000000000000000e+02 1.206000000000000000e+03 1.192000000000000000e+03 1.460000000000000000e+03 1.488000000000000000e+03 8.510000000000000000e+02 1.261000000000000000e+03 1.081000000000000000e+03 1.236000000000000000e+03 1.547000000000000000e+03 1.225000000000000000e+03 1.235000000000000000e+03 1.410000000000000000e+03 1.056000000000000000e+03 5.740000000000000000e+02 1.257000000000000000e+03 8.040000000000000000e+02 7.450000000000000000e+02 4.810000000000000000e+02
3.570000000000000000e+02 1.108000000000000000e+03 1.528000000000000000e+03 0.000000000000000000e+00 4.090000000000000000e+02 1.055000000000000000e+03 1.192000000000000000e+03 1.400000000000000000e+02 6.250000000000000000e+02 4.650000000000000000e+02 4.080000000000000000e+02 6.770000000000000000e+02 1.433000000000000000e+03 8.990000000000000000e+02 3.230000000000000000e+02 8.260000000000000000e+02 1.417000000000000000e+03 3.600000000000000000e+02 1.426000000000000000e+03 1.044000000000000000e+03 1.261000000000000000e+03 1.543000000000000000e+03 1.403000000000000000e+03 5.050000000000000000e+02 1.013000000000000000e+03 1.357000000000000000e+03 7.620000000000000000e+02 8.710000000000000000e+02 4.550000000000000000e+02 3.630000000000000000e+02 7.900000000000000000e+02 1.283000000000000000e+03 1.413000000000000000e+03 5.660000000000000000e+02 1.221000000000000000e+03 1.068000000000000000e+03 3.740000000000000000e+02 1.404000000000000000e+03 9.100000000000000000e+02 1.231000000000000000e+03
2.490000000000000000e+02 1.373000000000000000e+03 1.147000000000000000e+03 4.090000000000000000e+02 0.000000000000000000e+00 8.360000000000000000e+02 9.680000000000000000e+02 5.290000000000000000e+02 5.480000000000000000e+02 2.780000000000000000e+02 3.260000000000000000e+02 4.450000000000000000e+02 1.208000000000000000e+03 8.830000000000000000e+02 2.790000000000000000e+02 6.360000000000000000e+02 1.576000000000000000e+03 4.270000000000000000e+02 1.211000000000000000e+03 9.300000000000000000e+02 1.157000000000000000e+03 1.471000000000000000e+03 1.458000000000000000e+03 3.950000000000000000e+02 1.394000000000000000e+03 1.415000000000000000e+03 7.300000000000000000e+02 1.203000000000000000e+03 3.030000000000000000e+02 2.290000000000000000e+02 5.610000000000000000e+02 1.336000000000000000e+03 1.095000000000000000e+03 3.020000000000000000e+02 9.910000000000000000e+02 7.130000000000000000e+02 2.320000000000000000e+02 1.317000000000000000e+03 6.050000000000000000e+02 1.093000000000000000e+03
9.950000000000000000e+02 1.502000000000000000e+03 5.850000000000000000e+02 1.055000000000000000e+03 8.360000000000000000e+02 0.000000000000000000e+00 8.340000000000000000e+02 1.092000000000000000e+03 1.237000000000000000e+03 8.900000000000000000e+02 9.980000000000000000e+02 1.035000000000000000e+03 7.160000000000000000e+02 9.340000000000000000e+02 9.930000000000000000e+02 9.010000000000000000e+02 1.288000000000000000e+03 1.191000000000000000e+03 8.340000000000000000e+02 1.223000000000000000e+03 1.426000000000000000e+03 8.550000000000000000e+02 6.570000000000000000e+02 9.870000000000000000e+02 1.337000000000000000e+03 9.370000000000000000e+02 7.650000000000000000e+02 1.179000000000000000e+03 1.031000000000000000e+03 1.015000000000000000e+03 1.246000000000000000e+03 1.482000000000000000e+03 1.326000000000000000e+03 1.003000000000000000e+03 1.586000000000000000e+03 4.960000000000000000e+02 9.910000000000000000e+02 8.490000000000000000e+02 9.930000000000000000e+02 9.190000000000000000e+02
9.840000000000000000e+02 1.278000000000000000e+03 1.414000000000000000e+03 1.192000000000000000e+03 9.680000000000000000e+02 8.340000000000000000e+02 0.000000000000000000e+00 1.244000000000000000e+03 9.990000000000000000e+02 8.880000000000000000e+02 9.210000000000000000e+02 9.030000000000000000e+02 1.314000000000000000e+03 1.438000000000000000e+03 9.760000000000000000e+02 1.315000000000000000e+03 1.206000000000000000e+03 1.238000000000000000e+03 1.108000000000000000e+03 5.080000000000000000e+02 6.990000000000000000e+02 1.196000000000000000e+03 1.216000000000000000e+03 1.129000000000000000e+03 1.464000000000000000e+03 1.050000000000000000e+03 8.750000000000000000e+02 1.592000000000000000e+03 7.830000000000000000e+02 9.960000000000000000e+02 8.640000000000000000e+02 1.042000000000000000e+03 5.510000000000000000e+02 9.850000000000000000e+02 9.310000000000000000e+02 1.043000000000000000e+03 9.840000000000000000e+02 9.000000000000000000e+02 1.475000000000000000e+03 1.552000000000000000e+03
4.290000000000000000e+02 1.138000000000000000e+03 1.519000000000000000e+03 1.400000000000000000e+02 5.290000000000000000e+02 1.092000000000000000e+03 1.244000000000000000e+03 0.000000000000000000e+00 6.730000000000000000e+02 4.040000000000000000e+02 4.050000000000000000e+02 8.100000000000000000e+02 1.430000000000000000e+03 8.230000000000000000e+02 4.540000000000000000e+02 8.280000000000000000e+02 1.444000000000000000e+03 4.710000000000000000e+02 1.562000000000000000e+03 1.065000000000000000e+03 1.162000000000000000e+03 1.455000000000000000e+03 1.395000000000000000e+03 5.120000000000000000e+02 9.480000000000000000e+02 1.383000000000000000e+03 8.760000000000000000e+02 7.950000000000000000e+02 5.490000000000000000e+02 4.390000000000000000e+02 6.690000000000000000e+02 1.402000000000000000e+03 1.489000000000000000e+03 5.690000000000000000e+02 1.090000000000000000e+03 1.101000000000000000e+03 4.300000000000000000e+02 1.455000000000000000e+03 9.220000000000000000e+02 1.314000000000000000e+03
4.140000000000000000e+02 1.563000000000000000e+03 1.470000000000000000e+03 6.250000000000000000e+02 5.480000000000000000e+02 1.237000000000000000e+03 9.990000000000000000e+02 6.730000000000000000e+02 0.000000000000000000e+00 4.520000000000000000e+02 4.990000000000000000e+02 3.640000000000000000e+02 1.504000000000000000e+03 1.082000000000000000e+03 3.480000000000000000e+02 7.680000000000000000e+02 1.530000000000000000e+03 4.210000000000000000e+02 1.262000000000000000e+03 1.264000000000000000e+03 1.001000000000000000e+03 1.485000000000000000e+03 1.378000000000000000e+03 5.490000000000000000e+02 1.203000000000000000e+03 1.134000000000000000e+03 1.018000000000000000e+03 1.405000000000000000e+03 4.370000000000000000e+02 4.090000000000000000e+02 6.900000000000000000e+02 1.563000000000000000e+03 1.189000000000000000e+03 3.580000000000000000e+02 9.490000000000000000e+02 1.059000000000000000e+03 4.170000000000000000e+02 8.550000000000000000e+02 8.740000000000000000e+02 1.557000000000000000e+03
1.080000000000000000e+02 1.535000000000000000e+03 1.168000000000000000e+03 4.650000000000000000e+02 2.780000000000000000e+02 8.900000000000000000e+02 8.880000000000000000e+02 4.040000000000000000e+02 4.520000000000000000e+02 0.000000000000000000e+00 1.890000000000000000e+02 5.200000000000000000e+02 1.277000000000000000e+03 9.880000000000000000e+02 1.620000000000000000e+02 7.610000000000000000e+02 1.528000000000000000e+03 3.980000000000000000e+02 1.260000000000000000e+03 8.920000000000000000e+02 1.012000000000000000e+03 1.306000000000000000e+03 1.431000000000000000e+03 2.580000000000000000e+02 1.282000000000000000e+03 1.483000000000000000e+03 9.150000000000000000e+02 1.178000000000000000e+03 1.870000000000000000e+02 1.520000000000000000e+02 4.570000000000000000e+02 1.471000000000000000e+03 1.314000000000000000e+03 2.830000000000000000e+02 1.123000000000000000e+03 7.810000000000000000e+02 1.200000000000000000e+02 1.231000000000000000e+03 6.320000000000000000e+02 1.210000000000000000e+03
9.000000000000000000e+01 1.468000000000000000e+03 1.336000000000000000e+03 4.080000000000000000e+02 3.260000000000000000e+02 9.980000000000000000e+02 9.210000000000000000e+02 4.050000000000000000e+02 4.990000000000000000e+02 1.890000000000000000e+02 0.000000000000000000e+00 5.030000000000000000e+02 1.268000000000000000e+03 1.054000000000000000e+03 1.650000000000000000e+02 6.660000000000000000e+02 1.559000000000000000e+03 3.620000000000000000e+02 1.348000000000000000e+03 8.620000000000000000e+02 1.075000000000000000e+03 1.294000000000000000e+03 1.328000000000000000e+03 2.220000000000000000e+02 1.336000000000000000e+03 1.473000000000000000e+03 8.320000000000000000e+02 1.103000000000000000e+03 3.150000000000000000e+02 1.030000000000000000e+02 4.360000000000000000e+02 1.386000000000000000e+03 1.416000000000000000e+03 3.120000000000000000e+02 1.196000000000000000e+03 8.710000000000000000e+02 1.050000000000000000e+02 1.255000000000000000e+03 6.050000000000000000e+02 1.260000000000000000e+03
5.220000000000000000e+02 1.239000000000000000e+03 1.286000000000000000e+03 6.770000000000000000e+02 4.450000000000000000e+02 1.035000000000000000e+03 9.030000000000000000e+02 8.100000000000000000e+02 3.640000000000000000e+02 5.200000000000000000e+02 5.030000000000000000e+02 0.000000000000000000e+00 1.290000000000000000e+03 9.670000000000000000e+02 5.750000000000000000e+02 8.380000000000000000e+02 1.193000000000000000e+03 3.690000000000000000e+02 1.052000000000000000e+03 1.251000000000000000e+03 7.910000000000000000e+02 1.302000000000000000e+03 1.208000000000000000e+03 6.140000000000000000e+02 1.161000000000000000e+03 1.230000000000000000e+03 1.045000000000000000e+03 1.062000000000000000e+03 5.010000000000000000e+02 5.460000000000000000e+02 8.300000000000000000e+02 1.464000000000000000e+03 1.329000000000000000e+03 4.660000000000000000e+02 1.162000000000000000e+03 1.129000000000000000e+03 5.080000000000000000e+02 1.175000000000000000e+03 9.960000000000000000e+02 1.464000000000000000e+03
1.221000000000000000e+03 1.426000000000000000e+03 1.520000000000000000e+02 1.433000000000000000e+03 1.208000000000000000e+03 7.160000000000000000e+02 1.314000000000000000e+03 1.430000000000000000e+03 1.504000000000000000e+03 1.277000000000000000e+03 1.268000000000000000e+03 1.290000000000000000e+03 0.000000000000000000e+00 1.268000000000000000e+03 1.212000000000000000e+03 8.370000000000000000e+02 1.332000000000000000e+03 1.440000000000000000e+03 4.310000000000000000e+02 1.105000000000000000e+03 1.018000000000000000e+03 5.240000000000000000e+02 1.342000000000000000e+03 1.080000000000000000e+03 1.568000000000000000e+03 1.412000000000000000e+03 7.360000000000000000e+02 1.349000000000000000e+03 1.178000000000000000e+03 1.197000000000000000e+03 1.535000000000000000e+03 1.303000000000000000e+03 1.272000000000000000e+03 1.376000000000000000e+03 9.720000000000000000e+02 6.840000000000000000e+02 1.203000000000000000e+03 7.800000000000000000e+02 7.210000000000000000e+02 4.680000000000000000e+02
1.011000000000000000e+03 6.170000000000000000e+02 1.328000000000000000e+03 8.990000000000000000e+02 8.830000000000000000e+02 9.340000000000000000e+02 1.438000000000000000e+03 8.230000000000000000e+02 1.082000000000000000e+03 9.880000000000000000e+02 1.054000000000000000e+03 9.670000000000000000e+02 1.268000000000000000e+03 0.000000000000000000e+00 9.460000000000000000e+02 1.021000000000000000e+03 8.180000000000000000e+02 1.172000000000000000e+03 1.129000000000000000e+03 1.482000000000000000e+03 1.514000000000000000e+03 1.220000000000000000e+03 1.139000000000000000e+03 1.106000000000000000e+03 7.970000000000000000e+02 1.294000000000000000e+03 6.680000000000000000e+02 3.580000000000000000e+02 1.101000000000000000e+03 9.900000000000000000e+02 1.443000000000000000e+03 7.790000000000000000e+02 9.660000000000000000e+02 1.165000000000000000e+03 7.650000000000000000e+02 1.233000000000000000e+03 9.920000000000000000e+02 1.236000000000000000e+03 5.870000000000000000e+02 1.091000000000000000e+03
7.600000000000000000e+01 1.391000000000000000e+03 1.254000000000000000e+03 3.230000000000000000e+02 2.790000000000000000e+02 9.930000000000000000e+02 9.760000000000000000e+02 4.540000000000000000e+02 3.480000000000000000e+02 1.620000000000000000e+02 1.650000000000000000e+02 5.750000000000000000e+02 1.212000000000000000e+03 9.460000000000000000e+02 0.000000000000000000e+00 7.020000000000000000e+02 1.507000000000000000e+03 2.820000000000000000e+02 1.279000000000000000e+03 9.420000000000000000e+02 9.960000000000000000e+02 1.443000000000000000e+03 1.479000000000000000e+03 2.070000000000000000e+02 1.240000000000000000e+03 1.420000000000000000e+03 9.380000000000000000e+02 1.123000000000000000e+03 1.950000000000000000e+02 7.200000000000000000e+01 5.100000000000000000e+02 1.425000000000000000e+03 1.341000000000000000e+03 2.960000000000000000e+02 1.196000000000000000e+03 8.490000000000000000e+02 9.300000000000000000e+01 1.191000000000000000e+03 6.190000000000000000e+02 1.288000000000000000e+03
6.680000000000000000e+02 9.100000000000000000e+02 7.340000000000000000e+02 8.260000000000000000e+02 6.360000000000000000e+02 9.010000000000000000e+02 1.315000000000000000e+03 8.280000000000000000e+02 7.680000000000000000e+02 7.610000000000000000e+02 6.660000000000000000e+02 8.380000000000000000e+02 8.370000000000000000e+02 1.021000000000000000e+03 7.020000000000000000e+02 0.000000000000000000e+00 1.023000000000000000e+03 9.000000000000000000e+02 8.020000000000000000e+02 1.155000000000000000e+03 1.355000000000000000e+03 1.051000000000000000e+03 1.004000000000000000e+03 7.760000000000000000e+02 1.427000000000000000e+03 1.157000000000000000e+03 4.530000000000000000e+02 1.089000000000000000e+03 8.810000000000000000e+02 6.700000000000000000e+02 9.960000000000000000e+02 9.400000000000000000e+02 8.180000000000000000e+02 6.850000000000000000e+02 8.340000000000000000e+02 5.900000000000000000e+02 6.770000000000000000e+02 9.030000000000000000e+02 6.840000000000000000e+02 9.020000000000000000e+02
1.477000000000000000e+03 3.470000000000000000e+02 1.209000000000000000e+03 1.417000000000000000e+03 1.576000000000000000e+03 1.288000000000000000e+03 1.206000000000000000e+03 1.444000000000000000e+03 1.530000000000000000e+03 1.528000000000000000e+03 1.559000000000000000e+03 1.193000000000000000e+03 1.332000000000000000e+03 8.180000000000000000e+02 1.507000000000000000e+03 1.023000000000000000e+03 0.000000000000000000e+00 1.426000000000000000e+03 1.077000000000000000e+03 1.033000000000000000e+03 1.314000000000000000e+03 1.436000000000000000e+03 1.555000000000000000e+03 1.600000000000000000e+03 8.100000000000000000e+02 7.930000000000000000e+02 9.250000000000000000e+02 6.680000000000000000e+02 1.364000000000000000e+03 1.458000000000000000e+03 1.455000000000000000e+03 3.640000000000000000e+02 7.900000000000000000e+02 1.388000000000000000e+03 1.237000000000000000e+03 1.341000000000000000e+03 1.466000000000000000e+03 8.460000000000000000e+02 1.147000000000000000e+03 9.760000000000000000e+02
3.190000000000000000e+02 1.388000000000000000e+03 1.488000000000000000e+03 3.600000000000000000e+02 4.270000000000000000e+02 1.191000000000000000e+03 1.238000000000000000e+03 4.710000000000000000e+02 4.210000000000000000e+02 3.980000000000000000e+02 3.620000000000000000e+02 3.690000000000000000e+02 1.440000000000000000e+03 1.172000000000000000e+03 2.820000000000000000e+02 9.000000000000000000e+02 1.426000000000000000e+03 0.000000000000000000e+00 1.290000000000000000e+03 1.053000000000000000e+03 1.115000000000000000e+03 1.532000000000000000e+03 1.460000000000000000e+03 4.550000000000000000e+02 1.091000000000000000e+03 1.407000000000000000e+03 7.680000000000000000e+02 1.174000000000000000e+03 4.650000000000000000e+02 3.510000000000000000e+02 6.290000000000000000e+02 1.490000000000000000e+03 1.257000000000000000e+03 4.890000000000000000e+02 9.460000000000000000e+02 1.125000000000000000e+03 3.070000000000000000e+02 1.168000000000000000e+03 7.760000000000000000e+02 1.323000000000000000e+03
1.298000000000000000e+03 1.182000000000000000e+03 3.160000000000000000e+02 1.426000000000000000e+03 1.211000000000000000e+03 8.340000000000000000e+02 1.108000000000000000e+03 1.562000000000000000e+03 1.262000000000000000e+03 1.260000000000000000e+03 1.348000000000000000e+03 1.052000000000000000e+03 4.310000000000000000e+02 1.129000000000000000e+03 1.279000000000000000e+03 8.020000000000000000e+02 1.077000000000000000e+03 1.290000000000000000e+03 0.000000000000000000e+00 1.121000000000000000e+03 8.120000000000000000e+02 5.240000000000000000e+02 1.148000000000000000e+03 1.165000000000000000e+03 1.243000000000000000e+03 1.372000000000000000e+03 7.800000000000000000e+02 1.239000000000000000e+03 1.241000000000000000e+03 1.273000000000000000e+03 1.372000000000000000e+03 1.312000000000000000e+03 1.499000000000000000e+03 1.266000000000000000e+03 9.000000000000000000e+02 7.270000000000000000e+02 1.315000000000000000e+03 1.107000000000000000e+03 1.054000000000000000e+03 7.190000000000000000e+02
8.760000000000000000e+02 8.780000000000000000e+02 1.185000000000000000e+03 1.044000000000000000e+03 9.300000000000000000e+02 1.223000000000000000e+03 5.080000000000000000e+02 1.065000000000000000e+03 1.264000000000000000e+03 8.920000000000000000e+02 8.620000000000000000e+02 1.251000000000000000e+03 1.105000000000000000e+03 1.482000000000000000e+03 9.420000000000000000e+02 1.155000000000000000e+03 1.033000000000000000e+03 1.053000000000000000e+03 1.121000000000000000e+03 0.000000000000000000e+00 6.330000000000000000e+02 7.510000000000000000e+02 9.810000000000000000e+02 9.600000000000000000e+02 9.850000000000000000e+02 1.400000000000000000e+03 1.226000000000000000e+03 1.188000000000000000e+03 1.053000000000000000e+03 9.150000000000000000e+02 9.630000000000000000e+02 9.910000000000000000e+02 6.160000000000000000e+02 9.350000000000000000e+02 1.145000000000000000e+03 7.510000000000000000e+02 8.880000000000000000e+02 1.151000000000000000e+03 1.315000000000000000e+03 1.192000000000000000e+03
9.980000000000000000e+02 1.343000000000000000e+03 1.105000000000000000e+03 1.261000000000000000e+03 1.157000000000000000e+03 1.426000000000000000e+03 6.990000000000000000e+02 1.162000000000000000e+03 1.001000000000000000e+03 1.012000000000000000e+03 1.075000000000000000e+03 7.910000000000000000e+02 1.018000000000000000e+03 1.514000000000000000e+03 9.960000000000000000e+02 1.355000000000000000e+03 1.314000000000000000e+03 1.115000000000000000e+03 8.120000000000000000e+02 6.330000000000000000e+02 0.000000000000000000e+00 9.460000000000000000e+02 8.280000000000000000e+02 9.500000000000000000e+02 7.740000000000000000e+02 1.221000000000000000e+03 1.115000000000000000e+03 1.490000000000000000e+03 8.610000000000000000e+02 1.011000000000000000e+03 7.320000000000000000e+02 1.424000000000000000e+03 9.190000000000000000e+02 1.163000000000000000e+03 1.592000000000000000e+03 1.206000000000000000e+03 1.013000000000000000e+03 1.480000000000000000e+03 1.389000000000000000e+03 1.304000000000000000e+03
1.377000000000000000e+03 1.437000000000000000e+03 5.050000000000000000e+02 1.543000000000000000e+03 1.471000000000000000e+03 8.550000000000000000e+02 1.196000000000000000e+03 1.455000000000000000e+03 1.485000000000000000e+03 1.306000000000000000e+03 1.294000000000000000e+03 1.302000000000000000e+03 5.240000000000000000e+02 1.220000000000000000e+03 1.443000000000000000e+03 1.051000000000000000e+03 1.436000000000000000e+03 1.532000000000000000e+03 5.240000000000000000e+02 7.510000000000000000e+02 9.460000000000000000e+02 0.000000000000000000e+00 1.036000000000000000e+03 1.383000000000000000e+03 1.490000000000000000e+03 9.910000000000000000e+02 9.850000000000000000e+02 1.385000000000000000e+03 1.273000000000000000e+03 1.388000000000000000e+03 1.445000000000000000e+03 1.216000000000000000e+03 1.129000000000000000e+03 1.483000000000000000e+03 1.262000000000000000e+03 7.800000000000000000e+02 1.393000000000000000e+03 8.230000000000000000e+02 1.045000000000000000e+03 6.880000000000000000e+02
1.406000000000000000e+03 1.522000000000000000e+03 1.206000000000000000e+03 1.403000000000000000e+03 1.458000000000000000e+03 6.570000000000000000e+02 1.216000000000000000e+03 1.395000000000000000e+03 1.378000000000000000e+03 1.431000000000000000e+03 1.328000000000000000e+03 1.208000000000000000e+03 1.342000000000000000e+03 1.139000000000000000e+03 1.479000000000000000e+03 1.004000000000000000e+03 1.555000000000000000e+03 1.460000000000000000e+03 1.148000000000000000e+03 9.810000000000000000e+02 8.280000000000000000e+02 1.036000000000000000e+03 0.000000000000000000e+00 1.393000000000000000e+03 1.242000000000000000e+03 1.286000000000000000e+03 1.287000000000000000e+03 1.214000000000000000e+03 1.297000000000000000e+03 1.423000000000000000e+03 1.107000000000000000e+03 1.562000000000000000e+03 1.324000000000000000e+03 1.343000000000000000e+03 1.146000000000000000e+03 1.099000000000000000e+03 1.401000000000000000e+03 9.850000000000000000e+02 1.421000000000000000e+03 1.378000000000000000e+03
1.510000000000000000e+02 1.595000000000000000e+03 1.192000000000000000e+03 5.050000000000000000e+02 3.950000000000000000e+02 9.870000000000000000e+02 1.129000000000000000e+03 5.120000000000000000e+02 5.490000000000000000e+02 2.580000000000000000e+02 2.220000000000000000e+02 6.140000000000000000e+02 1.080000000000000000e+03 1.106000000000000000e+03 2.070000000000000000e+02 7.760000000000000000e+02 1.600000000000000000e+03 4.550000000000000000e+02 1.165000000000000000e+03 9.600000000000000000e+02 9.500000000000000000e+02 1.383000000000000000e+03 1.393000000000000000e+03 0.000000000000000000e+00 1.260000000000000000e+03 1.484000000000000000e+03 8.790000000000000000e+02 1.241000000000000000e+03 3.920000000000000000e+02 1.890000000000000000e+02 4.560000000000000000e+02 1.477000000000000000e+03 1.448000000000000000e+03 3.390000000000000000e+02 1.156000000000000000e+03 7.520000000000000000e+02 1.690000000000000000e+02 1.168000000000000000e+03 6.010000000000000000e+02 1.120000000000000000e+03
1.293000000000000000e+03 5.910000000000000000e+02 1.460000000000000000e+03 1.013000000000000000e+03 1.394000000000000000e+03 1.337000000000000000e+03 1.464000000000000000e+03 9.480000000000000000e+02 1.203000000000000000e+03 1.282000000000000000e+03 1.336000000000000000e+03 1.161000000000000000e+03 1.568000000000000000e+03 7.970000000000000000e+02 1.240000000000000000e+03 1.427000000000000000e+03 8.100000000000000000e+02 1.091000000000000000e+03 1.243000000000000000e+03 9.850000000000000000e+02 7.740000000000000000e+02 1.490000000000000000e+03 1.242000000000000000e+03 1.260000000000000000e+03 0.000000000000000000e+00 7.620000000000000000e+02 1.021000000000000000e+03 7.260000000000000000e+02 1.397000000000000000e+03 1.300000000000000000e+03 1.452000000000000000e+03 7.350000000000000000e+02 1.319000000000000000e+03 1.314000000000000000e+03 9.160000000000000000e+02 1.155000000000000000e+03 1.278000000000000000e+03 9.190000000000000000e+02 9.050000000000000000e+02 1.531000000000000000e+03
1.419000000000000000e+03 8.940000000000000000e+02 1.488000000000000000e+03 1.357000000000000000e+03 1.415000000000000000e+03 9.370000000000000000e+02 1.050000000000000000e+03 1.383000000000000000e+03 1.134000000000000000e+03 1.483000000000000000e+03 1.473000000000000000e+03 1.230000000000000000e+03 1.412000000000000000e+03 1.294000000000000000e+03 1.420000000000000000e+03 1.157000000000000000e+03 7.930000000000000000e+02 1.407000000000000000e+03 1.372000000000000000e+03 1.400000000000000000e+03 1.221000000000000000e+03 9.910000000000000000e+02 1.286000000000000000e+03 1.484000000000000000e+03 7.620000000000000000e+02 0.000000000000000000e+00 1.414000000000000000e+03 1.027000000000000000e+03 1.563000000000000000e+03 1.445000000000000000e+03 1.112000000000000000e+03 1.086000000000000000e+03 9.320000000000000000e+02 1.391000000000000000e+03 1.486000000000000000e+03 1.149000000000000000e+03 1.406000000000000000e+03 1.342000000000000000e+03 1.294000000000000000e+03 1.197000000000000000e+03
8.690000000000000000e+02 7.710000000000000000e+02 8.510000000000000000e+02 7.620000000000000000e+02 7.300000000000000000e+02 7.650000000000000000e+02 8.750000000000000000e+02 8.760000000000000000e+02 1.018000000000000000e+03 9.150000000000000000e+02 8.320000000000000000e+02 1.045000000000000000e+03 7.360000000000000000e+02 6.680000000000000000e+02 9.380000000000000000e+02 4.530000000000000000e+02 9.250000000000000000e+02 7.680000000000000000e+02 7.800000000000000000e+02 1.226000000000000000e+03 1.115000000000000000e+03 9.850000000000000000e+02 1.287000000000000000e+03 8.790000000000000000e+02 1.021000000000000000e+03 1.414000000000000000e+03 0.000000000000000000e+00 8.050000000000000000e+02 9.760000000000000000e+02 8.760000000000000000e+02 9.550000000000000000e+02 7.780000000000000000e+02 7.650000000000000000e+02 9.440000000000000000e+02 8.650000000000000000e+02 8.660000000000000000e+02 8.530000000000000000e+02 1.234000000000000000e+03 1.113000000000000000e+03 9.040000000000000000e+02
1.108000000000000000e+03 3.720000000000000000e+02 1.261000000000000000e+03 8.710000000000000000e+02 1.203000000000000000e+03 1.179000000000000000e+03 1.592000000000000000e+03 7.950000000000000000e+02 1.405000000000000000e+03 1.178000000000000000e+03 1.103000000000000000e+03 1.062000000000000000e+03 1.349000000000000000e+03 3.580000000000000000e+02 1.123000000000000000e+03 1.089000000000000000e+03 6.680000000000000000e+02 1.174000000000000000e+03 1.239000000000000000e+03 1.188000000000000000e+03 1.490000000000000000e+03 1.385000000000000000e+03 1.214000000000000000e+03 1.241000000000000000e+03 7.260000000000000000e+02 1.027000000000000000e+03 8.050000000000000000e+02 0.000000000000000000e+00 1.097000000000000000e+03 1.122000000000000000e+03 1.291000000000000000e+03 6.150000000000000000e+02 1.109000000000000000e+03 1.071000000000000000e+03 1.005000000000000000e+03 9.500000000000000000e+02 1.107000000000000000e+03 1.067000000000000000e+03 8.390000000000000000e+02 1.307000000000000000e+03
2.530000000000000000e+02 1.368000000000000000e+03 1.081000000000000000e+03 4.550000000000000000e+02 3.030000000000000000e+02 1.031000000000000000e+03 7.830000000000000000e+02 5.490000000000000000e+02 4.370000000000000000e+02 1.870000000000000000e+02 3.150000000000000000e+02 5.010000000000000000e+02 1.178000000000000000e+03 1.101000000000000000e+03 1.950000000000000000e+02 8.810000000000000000e+02 1.364000000000000000e+03 4.650000000000000000e+02 1.241000000000000000e+03 1.053000000000000000e+03 8.610000000000000000e+02 1.273000000000000000e+03 1.297000000000000000e+03 3.920000000000000000e+02 1.397000000000000000e+03 1.563000000000000000e+03 9.760000000000000000e+02 1.097000000000000000e+03 0.000000000000000000e+00 2.470000000000000000e+02 4.930000000000000000e+02 1.526000000000000000e+03 1.265000000000000000e+03 4.470000000000000000e+02 1.180000000000000000e+03 7.840000000000000000e+02 2.580000000000000000e+02 1.203000000000000000e+03 7.770000000000000000e+02 1.318000000000000000e+03
4.500000000000000000e+01 1.438000000000000000e+03 1.236000000000000000e+03 3.630000000000000000e+02 2.290000000000000000e+02 1.015000000000000000e+03 9.960000000000000000e+02 4.390000000000000000e+02 4.090000000000000000e+02 1.520000000000000000e+02 1.030000000000000000e+02 5.460000000000000000e+02 1.197000000000000000e+03 9.900000000000000000e+02 7.200000000000000000e+01 6.700000000000000000e+02 1.458000000000000000e+03 3.510000000000000000e+02 1.273000000000000000e+03 9.150000000000000000e+02 1.011000000000000000e+03 1.388000000000000000e+03 1.423000000000000000e+03 1.890000000000000000e+02 1.300000000000000000e+03 1.445000000000000000e+03 8.760000000000000000e+02 1.122000000000000000e+03 2.470000000000000000e+02 0.000000000000000000e+00 4.550000000000000000e+02 1.471000000000000000e+03 1.314000000000000000e+03 2.490000000000000000e+02 1.173000000000000000e+03 8.010000000000000000e+02 5.900000000000000000e+01 1.204000000000000000e+03 5.890000000000000000e+02 1.256000000000000000e+03
4.530000000000000000e+02 1.557000000000000000e+03 1.547000000000000000e+03 7.900000000000000000e+02 5.610000000000000000e+02 1.246000000000000000e+03 8.640000000000000000e+02 6.690000000000000000e+02 6.900000000000000000e+02 4.570000000000000000e+02 4.360000000000000000e+02 8.300000000000000000e+02 1.535000000000000000e+03 1.443000000000000000e+03 5.100000000000000000e+02 9.960000000000000000e+02 1.455000000000000000e+03 6.290000000000000000e+02 1.372000000000000000e+03 9.630000000000000000e+02 7.320000000000000000e+02 1.445000000000000000e+03 1.107000000000000000e+03 4.560000000000000000e+02 1.452000000000000000e+03 1.112000000000000000e+03 9.550000000000000000e+02 1.291000000000000000e+03 4.930000000000000000e+02 4.550000000000000000e+02 0.000000000000000000e+00 1.313000000000000000e+03 9.980000000000000000e+02 4.350000000000000000e+02 1.010000000000000000e+03 1.091000000000000000e+03 4.660000000000000000e+02 1.108000000000000000e+03 1.011000000000000000e+03 1.315000000000000000e+03
1.447000000000000000e+03 2.720000000000000000e+02 1.225000000000000000e+03 1.283000000000000000e+03 1.336000000000000000e+03 1.482000000000000000e+03 1.042000000000000000e+03 1.402000000000000000e+03 1.563000000000000000e+03 1.471000000000000000e+03 1.386000000000000000e+03 1.464000000000000000e+03 1.303000000000000000e+03 7.790000000000000000e+02 1.425000000000000000e+03 9.400000000000000000e+02 3.640000000000000000e+02 1.490000000000000000e+03 1.312000000000000000e+03 9.910000000000000000e+02 1.424000000000000000e+03 1.216000000000000000e+03 1.562000000000000000e+03 1.477000000000000000e+03 7.350000000000000000e+02 1.086000000000000000e+03 7.780000000000000000e+02 6.150000000000000000e+02 1.526000000000000000e+03 1.471000000000000000e+03 1.313000000000000000e+03 0.000000000000000000e+00 6.700000000000000000e+02 1.327000000000000000e+03 1.135000000000000000e+03 1.056000000000000000e+03 1.463000000000000000e+03 8.720000000000000000e+02 1.047000000000000000e+03 1.195000000000000000e+03
1.333000000000000000e+03 7.510000000000000000e+02 1.235000000000000000e+03 1.413000000000000000e+03 1.095000000000000000e+03 1.326000000000000000e+03 5.510000000000000000e+02 1.489000000000000000e+03 1.189000000000000000e+03 1.314000000000000000e+03 1.416000000000000000e+03 1.329000000000000000e+03 1.272000000000000000e+03 9.660000000000000000e+02 1.341000000000000000e+03 8.180000000000000000e+02 7.900000000000000000e+02 1.257000000000000000e+03 1.499000000000000000e+03 6.160000000000000000e+02 9.190000000000000000e+02 1.129000000000000000e+03 1.324000000000000000e+03 1.448000000000000000e+03 1.319000000000000000e+03 9.320000000000000000e+02 7.650000000000000000e+02 1.109000000000000000e+03 1.265000000000000000e+03 1.314000000000000000e+03 9.980000000000000000e+02 6.700000000000000000e+02 0.000000000000000000e+00 1.273000000000000000e+03 8.060000000000000000e+02 1.177000000000000000e+03 1.317000000000000000e+03 1.281000000000000000e+03 1.177000000000000000e+03 1.302000000000000000e+03
2.420000000000000000e+02 1.441000000000000000e+03 1.410000000000000000e+03 5.660000000000000000e+02 3.020000000000000000e+02 1.003000000000000000e+03 9.850000000000000000e+02 5.690000000000000000e+02 3.580000000000000000e+02 2.830000000000000000e+02 3.120000000000000000e+02 4.660000000000000000e+02 1.376000000000000000e+03 1.165000000000000000e+03 2.960000000000000000e+02 6.850000000000000000e+02 1.388000000000000000e+03 4.890000000000000000e+02 1.266000000000000000e+03 9.350000000000000000e+02 1.163000000000000000e+03 1.483000000000000000e+03 1.343000000000000000e+03 3.390000000000000000e+02 1.314000000000000000e+03 1.391000000000000000e+03 9.440000000000000000e+02 1.071000000000000000e+03 4.470000000000000000e+02 2.490000000000000000e+02 4.350000000000000000e+02 1.327000000000000000e+03 1.273000000000000000e+03 0.000000000000000000e+00 1.073000000000000000e+03 8.870000000000000000e+02 2.300000000000000000e+02 1.132000000000000000e+03 7.910000000000000000e+02 1.366000000000000000e+03
1.150000000000000000e+03 1.362000000000000000e+03 1.056000000000000000e+03 1.221000000000000000e+03 9.910000000000000000e+02 1.586000000000000000e+03 9.310000000000000000e+02 1.090000000000000000e+03 9.490000000000000000e+02 1.123000000000000000e+03 1.196000000000000000e+03 1.162000000000000000e+03 9.720000000000000000e+02 7.650000000000000000e+02 1.196000000000000000e+03 8.340000000000000000e+02 1.237000000000000000e+03 9.460000000000000000e+02 9.000000000000000000e+02 1.145000000000000000e+03 1.592000000000000000e+03 1.262000000000000000e+03 1.146000000000000000e+03 1.156000000000000000e+03 9.160000000000000000e+02 1.486000000000000000e+03 8.650000000000000000e+02 1.005000000000000000e+03 1.180000000000000000e+03 1.173000000000000000e+03 1.010000000000000000e+03 1.135000000000000000e+03 8.060000000000000000e+02 1.073000000000000000e+03 0.000000000000000000e+00 1.121000000000000000e+03 1.141000000000000000e+03 1.285000000000000000e+03 1.136000000000000000e+03 1.021000000000000000e+03
8.170000000000000000e+02 1.062000000000000000e+03 5.740000000000000000e+02 1.068000000000000000e+03 7.130000000000000000e+02 4.960000000000000000e+02 1.043000000000000000e+03 1.101000000000000000e+03 1.059000000000000000e+03 7.810000000000000000e+02 8.710000000000000000e+02 1.129000000000000000e+03 6.840000000000000000e+02 1.233000000000000000e+03 8.490000000000000000e+02 5.900000000000000000e+02 1.341000000000000000e+03 1.125000000000000000e+03 7.270000000000000000e+02 7.510000000000000000e+02 1.206000000000000000e+03 7.800000000000000000e+02 1.099000000000000000e+03 7.520000000000000000e+02 1.155000000000000000e+03 1.149000000000000000e+03 8.660000000000000000e+02 9.500000000000000000e+02 7.840000000000000000e+02 8.010000000000000000e+02 1.091000000000000000e+03 1.056000000000000000e+03 1.177000000000000000e+03 8.870000000000000000e+02 1.121000000000000000e+03 0.000000000000000000e+00 8.280000000000000000e+02 7.390000000000000000e+02 9.560000000000000000e+02 8.600000000000000000e+02
1.900000000000000000e+01 1.477000000000000000e+03 1.257000000000000000e+03 3.740000000000000000e+02 2.320000000000000000e+02 9.910000000000000000e+02 9.840000000000000000e+02 4.300000000000000000e+02 4.170000000000000000e+02 1.200000000000000000e+02 1.050000000000000000e+02 5.080000000000000000e+02 1.203000000000000000e+03 9.920000000000000000e+02 9.300000000000000000e+01 6.770000000000000000e+02 1.466000000000000000e+03 3.070000000000000000e+02 1.315000000000000000e+03 8.880000000000000000e+02 1.013000000000000000e+03 1.393000000000000000e+03 1.401000000000000000e+03 1.690000000000000000e+02 1.278000000000000000e+03 1.406000000000000000e+03 8.530000000000000000e+02 1.107000000000000000e+03 2.580000000000000000e+02 5.900000000000000000e+01 4.660000000000000000e+02 1.463000000000000000e+03 1.317000000000000000e+03 2.300000000000000000e+02 1.141000000000000000e+03 8.280000000000000000e+02 0.000000000000000000e+00 1.236000000000000000e+03 5.790000000000000000e+02 1.201000000000000000e+03
1.228000000000000000e+03 8.340000000000000000e+02 8.040000000000000000e+02 1.404000000000000000e+03 1.317000000000000000e+03 8.490000000000000000e+02 9.000000000000000000e+02 1.455000000000000000e+03 8.550000000000000000e+02 1.231000000000000000e+03 1.255000000000000000e+03 1.175000000000000000e+03 7.800000000000000000e+02 1.236000000000000000e+03 1.191000000000000000e+03 9.030000000000000000e+02 8.460000000000000000e+02 1.168000000000000000e+03 1.107000000000000000e+03 1.151000000000000000e+03 1.480000000000000000e+03 8.230000000000000000e+02 9.850000000000000000e+02 1.168000000000000000e+03 9.190000000000000000e+02 1.342000000000000000e+03 1.234000000000000000e+03 1.067000000000000000e+03 1.203000000000000000e+03 1.204000000000000000e+03 1.108000000000000000e+03 8.720000000000000000e+02 1.281000000000000000e+03 1.132000000000000000e+03 1.285000000000000000e+03 7.390000000000000000e+02 1.236000000000000000e+03 0.000000000000000000e+00 9.670000000000000000e+02 7.350000000000000000e+02
5.610000000000000000e+02 1.028000000000000000e+03 7.450000000000000000e+02 9.100000000000000000e+02 6.050000000000000000e+02 9.930000000000000000e+02 1.475000000000000000e+03 9.220000000000000000e+02 8.740000000000000000e+02 6.320000000000000000e+02 6.050000000000000000e+02 9.960000000000000000e+02 7.210000000000000000e+02 5.870000000000000000e+02 6.190000000000000000e+02 6.840000000000000000e+02 1.147000000000000000e+03 7.760000000000000000e+02 1.054000000000000000e+03 1.315000000000000000e+03 1.389000000000000000e+03 1.045000000000000000e+03 1.421000000000000000e+03 6.010000000000000000e+02 9.050000000000000000e+02 1.294000000000000000e+03 1.113000000000000000e+03 8.390000000000000000e+02 7.770000000000000000e+02 5.890000000000000000e+02 1.011000000000000000e+03 1.047000000000000000e+03 1.177000000000000000e+03 7.910000000000000000e+02 1.136000000000000000e+03 9.560000000000000000e+02 5.790000000000000000e+02 9.670000000000000000e+02 0.000000000000000000e+00 9.300000000000000000e+02
1.212000000000000000e+03 1.212000000000000000e+03 4.810000000000000000e+02 1.231000000000000000e+03 1.093000000000000000e+03 9.190000000000000000e+02 1.552000000000000000e+03 1.314000000000000000e+03 1.557000000000000000e+03 1.210000000000000000e+03 1.260000000000000000e+03 1.464000000000000000e+03 4.680000000000000000e+02 1.091000000000000000e+03 1.288000000000000000e+03 9.020000000000000000e+02 9.760000000000000000e+02 1.323000000000000000e+03 7.190000000000000000e+02 1.192000000000000000e+03 1.304000000000000000e+03 6.880000000000000000e+02 1.378000000000000000e+03 1.120000000000000000e+03 1.531000000000000000e+03 1.197000000000000000e+03 9.040000000000000000e+02 1.307000000000000000e+03 1.318000000000000000e+03 1.256000000000000000e+03 1.315000000000000000e+03 1.195000000000000000e+03 1.302000000000000000e+03 1.366000000000000000e+03 1.021000000000000000e+03 8.600000000000000000e+02 1.201000000000000000e+03 7.350000000000000000e+02 9.300000000000000000e+02 0.000000000000000000e+00
