0.000000000000000000e+00 9.200000000000000000e+01 2.170000000000000000e+02 1.390000000000000000e+02 3.770000000000000000e+02 3.910000000000000000e+02 3.300000000000000000e+01 1.130000000000000000e+02 4.700000000000000000e+01 3.800000000000000000e+02 3.770000000000000000e+02 1.500000000000000000e+01 5.000000000000000000e+01 4.100000000000000000e+01 3.620000000000000000e+02 1.750000000000000000e+02 2.940000000000000000e+02 1.640000000000000000e+02 1.380000000000000000e+02 2.040000000000000000e+02
9.200000000000000000e+01 0.000000000000000000e+00 1.690000000000000000e+02 9.900000000000000000e+01 3.330000000000000000e+02 3.940000000000000000e+02 1.070000000000000000e+02 1.800000000000000000e+02 8.400000000000000000e+01 3.920000000000000000e+02 3.010000000000000000e+02 7.800000000000000000e+01 1.320000000000000000e+02 1.030000000000000000e+02 3.240000000000000000e+02 1.400000000000000000e+02 2.430000000000000000e+02 1.870000000000000000e+02 7.900000000000000000e+01 2.570000000000000000e+02
2.170000000000000000e+02 1.690000000000000000e+02 0.000000000000000000e+00 2.610000000000000000e+02 2.360000000000000000e+02 3.080000000000000000e+02 2.270000000000000000e+02 3.140000000000000000e+02 2.140000000000000000e+02 2.680000000000000000e+02 1.800000000000000000e+02 2.140000000000000000e+02 2.670000000000000000e+02 2.530000000000000000e+02 3.720000000000000000e+02 1.300000000000000000e+02 2.830000000000000000e+02 2.950000000000000000e+02 1.990000000000000000e+02 3.540000000000000000e+02
1.390000000000000000e+02 9.900000000000000000e+01 2.610000000000000000e+02 0.000000000000000000e+00 2.920000000000000000e+02 3.220000000000000000e+02 1.230000000000000000e+02 1.900000000000000000e+02 1.130000000000000000e+02 3.990000000000000000e+02 3.230000000000000000e+02 1.350000000000000000e+02 1.750000000000000000e+02 1.740000000000000000e+02 3.440000000000000000e+02 1.380000000000000000e+02 3.200000000000000000e+02 1.900000000000000000e+02 7.400000000000000000e+01 1.930000000000000000e+02
3.770000000000000000e+02 3.330000000000000000e+02 2.360000000000000000e+02 2.920000000000000000e+02 0.000000000000000000e+00 1.310000000000000000e+02 3.970000000000000000e+02 2.940000000000000000e+02 3.550000000000000000e+02 3.340000000000000000e+02 1.850000000000000000e+02 3.910000000000000000e+02 3.490000000000000000e+02 3.920000000000000000e+02 3.590000000000000000e+02 2.090000000000000000e+02 1.480000000000000000e+02 2.390000000000000000e+02 3.110000000000000000e+02 2.950000000000000000e+02
3.910000000000000000e+02 3.940000000000000000e+02 3.080000000000000000e+02 3.220000000000000000e+02 1.310000000000000000e+02 0.000000000000000000e+00 3.630000000000000000e+02 3.610000000000000000e+02 3.830000000000000000e+02 3.160000000000000000e+02 3.090000000000000000e+02 3.810000000000000000e+02 3.770000000000000000e+02 3.510000000000000000e+02 3.990000000000000000e+02 3.300000000000000000e+02 1.510000000000000000e+02 2.320000000000000000e+02 3.510000000000000000e+02 2.960000000000000000e+02
3.300000000000000000e+01 1.070000000000000000e+02 2.270000000000000000e+02 1.230000000000000000e+02 3.970000000000000000e+02 3.630000000000000000e+02 0.000000000000000000e+00 1.350000000000000000e+02 4.700000000000000000e+01 3.970000000000000000e+02 3.640000000000000000e+02 3.300000000000000000e+01 5.700000000000000000e+01 6.000000000000000000e+01 3.300000000000000000e+02 2.080000000000000000e+02 2.720000000000000000e+02 1.860000000000000000e+02 1.460000000000000000e+02 1.780000000000000000e+02
1.130000000000000000e+02 1.800000000000000000e+02 3.140000000000000000e+02 1.900000000000000000e+02 2.940000000000000000e+02 3.610000000000000000e+02 1.350000000000000000e+02 0.000000000000000000e+00 1.100000000000000000e+02 3.870000000000000000e+02 2.780000000000000000e+02 1.060000000000000000e+02 1.620000000000000000e+02 1.040000000000000000e+02 3.550000000000000000e+02 2.330000000000000000e+02 2.980000000000000000e+02 1.860000000000000000e+02 1.710000000000000000e+02 1.520000000000000000e+02
4.700000000000000000e+01 8.400000000000000000e+01 2.140000000000000000e+02 1.130000000000000000e+02 3.550000000000000000e+02 3.830000000000000000e+02 4.700000000000000000e+01 1.100000000000000000e+02 0.000000000000000000e+00 3.960000000000000000e+02 3.430000000000000000e+02 5.700000000000000000e+01 8.500000000000000000e+01 8.400000000000000000e+01 3.760000000000000000e+02 2.050000000000000000e+02 2.920000000000000000e+02 1.990000000000000000e+02 1.430000000000000000e+02 2.200000000000000000e+02
3.800000000000000000e+02 3.920000000000000000e+02 2.680000000000000000e+02 3.990000000000000000e+02 3.340000000000000000e+02 3.160000000000000000e+02 3.970000000000000000e+02 3.870000000000000000e+02 3.960000000000000000e+02 0.000000000000000000e+00 1.690000000000000000e+02 3.790000000000000000e+02 3.910000000000000000e+02 3.640000000000000000e+02 2.900000000000000000e+02 2.960000000000000000e+02 3.230000000000000000e+02 2.420000000000000000e+02 3.870000000000000000e+02 3.370000000000000000e+02
3.770000000000000000e+02 3.010000000000000000e+02 1.800000000000000000e+02 3.230000000000000000e+02 1.850000000000000000e+02 3.090000000000000000e+02 3.640000000000000000e+02 2.780000000000000000e+02 3.430000000000000000e+02 1.690000000000000000e+02 0.000000000000000000e+00 3.710000000000000000e+02 3.440000000000000000e+02 3.770000000000000000e+02 3.370000000000000000e+02 2.680000000000000000e+02 1.850000000000000000e+02 2.600000000000000000e+02 2.760000000000000000e+02 2.170000000000000000e+02
1.500000000000000000e+01 7.800000000000000000e+01 2.140000000000000000e+02 1.350000000000000000e+02 3.910000000000000000e+02 3.810000000000000000e+02 3.300000000000000000e+01 1.060000000000000000e+02 5.700000000000000000e+01 3.790000000000000000e+02 3.710000000000000000e+02 0.000000000000000000e+00 5.800000000000000000e+01 4.900000000000000000e+01 3.580000000000000000e+02 1.860000000000000000e+02 2.840000000000000000e+02 1.530000000000000000e+02 1.430000000000000000e+02 1.910000000000000000e+02
5.000000000000000000e+01 1.320000000000000000e+02 2.670000000000000000e+02 1.750000000000000000e+02 3.490000000000000000e+02 3.770000000000000000e+02 5.700000000000000000e+01 1.620000000000000000e+02 8.500000000000000000e+01 3.910000000000000000e+02 3.440000000000000000e+02 5.800000000000000000e+01 0.000000000000000000e+00 7.200000000000000000e+01 3.260000000000000000e+02 1.980000000000000000e+02 2.450000000000000000e+02 2.000000000000000000e+02 1.330000000000000000e+02 2.200000000000000000e+02
4.100000000000000000e+01 1.030000000000000000e+02 2.530000000000000000e+02 1.740000000000000000e+02 3.920000000000000000e+02 3.510000000000000000e+02 6.000000000000000000e+01 1.040000000000000000e+02 8.400000000000000000e+01 3.640000000000000000e+02 3.770000000000000000e+02 4.900000000000000000e+01 7.200000000000000000e+01 0.000000000000000000e+00 3.770000000000000000e+02 2.080000000000000000e+02 2.830000000000000000e+02 1.910000000000000000e+02 1.300000000000000000e+02 1.930000000000000000e+02
3.620000000000000000e+02 3.240000000000000000e+02 3.720000000000000000e+02 3.440000000000000000e+02 3.590000000000000000e+02 3.990000000000000000e+02 3.300000000000000000e+02 3.550000000000000000e+02 3.760000000000000000e+02 2.900000000000000000e+02 3.370000000000000000e+02 3.580000000000000000e+02 3.260000000000000000e+02 3.770000000000000000e+02 0.000000000000000000e+00 3.350000000000000000e+02 3.270000000000000000e+02 2.990000000000000000e+02 3.860000000000000000e+02 3.360000000000000000e+02
1.750000000000000000e+02 1.400000000000000000e+02 1.300000000000000000e+02 1.380000000000000000e+02 2.090000000000000000e+02 3.300000000000000000e+02 2.080000000000000000e+02 2.330000000000000000e+02 2.050000000000000000e+02 2.960000000000000000e+02 2.680000000000000000e+02 1.860000000000000000e+02 1.980000000000000000e+02 2.080000000000000000e+02 3.350000000000000000e+02 0.000000000000000000e+00 1.980000000000000000e+02 2.030000000000000000e+02 1.440000000000000000e+02 3.090000000000000000e+02
2.940000000000000000e+02 2.430000000000000000e+02 2.830000000000000000e+02 3.200000000000000000e+02 1.480000000000000000e+02 1.510000000000000000e+02 2.720000000000000000e+02 2.980000000000000000e+02 2.920000000000000000e+02 3.230000000000000000e+02 1.850000000000000000e+02 2.840000000000000000e+02 2.450000000000000000e+02 2.830000000000000000e+02 3.270000000000000000e+02 1.980000000000000000e+02 0.000000000000000000e+00 2.800000000000000000e+02 3.150000000000000000e+02 2.690000000000000000e+02
1.640000000000000000e+02 1.870000000000000000e+02 2.950000000000000000e+02 1.900000000000000000e+02 2.390000000000000000e+02 2.320000000000000000e+02 1.860000000000000000e+02 1.860000000000000000e+02 1.990000000000000000e+02 2.420000000000000000e+02 2.600000000000000000e+02 1.530000000000000000e+02 2.000000000000000000e+02 1.910000000000000000e+02 2.990000000000000000e+02 2.030000000000000000e+02 2.800000000000000000e+02 0.000000000000000000e+00 1.870000000000000000e+02 1.890000000000000000e+02
1.380000000000000000e+02 7.900000000000000000e+01 1.990000000000000000e+02 7.400000000000000000e+01 3.110000000000000000e+02 3.510000000000000000e+02 1.460000000000000000e+02 1.710000000000000000e+02 1.430000000000000000e+02 3.870000000000000000e+02 2.760000000000000000e+02 1.430000000000000000e+02 1.330000000000000000e+02 1.300000000000000000e+02 3.860000000000000000e+02 1.440000000000000000e+02 3.150000000000000000e+02 1.870000000000000000e+02 0.000000000000000000e+00 2.140000000000000000e+02
2.040000000000000000e+02 2.570000000000000000e+02 3.540000000000000000e+02 1.930000000000000000e+02 2.950000000000000000e+02 2.960000000000000000e+02 1.780000000000000000e+02 1.520000000000000000e+02 2.200000000000000000e+02 3.370000000000000000e+02 2.170000000000000000e+02 1.910000000000000000e+02 2.200000000000000000e+02 1.930000000000000000e+02 3.360000000000000000e+02 3.090000000000000000e+02 2.690000000000000000e+02 1.890000000000000000e+02 2.140000000000000000e+02 0.000000000000000000e+00
